Josef Fruehwald, 21, m, w, 15, Philadelphia, 2006

vowel	stress	word	F1	F2	F3	B1	B2	B3	t	beg	end	dur	cd	fm	fp	fv	ps	fs	style	glide	F1@20%	F2@20%	F1@35%	F2@35%	F1@50%	F2@50%	F1@65%	F2@65%	F1@80%	F2@80%	nFormants
UW	1	DO	470.4	1384.4	2485.9	96.4	198.6	755.5	21.014	21.007	21.106	0.099	73	0	0	0	3	0			457.3	1322.0	454.4	1250.3	472.9	1232.3	466.0	1390.0	451.9	1387.8	5
UW	1	DO	445.2	1588.2	1756.5	119.7	111.4	1760.8	21.394	21.387	21.537	0.15	73	0	0	0	3	0			479.3	1488.0	488.5	1280.2	430.8	1193.3	455.6	1244.7	455.1	1244.9	6
AA	1	ARE	615.2	990.8	2524.4	58.9	100.9	219.0	22.356	22.296	22.476	0.18	44	6	4	2	0	0			583.5	909.2	617.1	1002.8	644.1	1133.8	615.2	1157.2	570.4	1182.0	3
ER	1	WORKING	549.4	1380.8	1965.1	107.4	97.9	695.6	22.866	22.846	22.906	0.06	94	1	6	1	9	1			538.8	1380.4	551.0	1381.4	535.8	1403.5	499.0	1455.1	473.5	1463.3	5
IH	0	WORKING	537.4	1676.1	2033.8	106.8	1249.8	246.7	22.993	22.976	23.026	0.05	1	4	6	2	6	0			525.3	1659.5	537.4	1676.1	539.5	1605.1	525.6	1339.0	522.7	1236.1	6
AO	1	OR	411.0	710.4	2031.6	76.4	97.7	254.6	23.183	23.126	23.296	0.17	64	6	4	2	0	0			453.3	706.7	412.8	709.0	497.4	727.0	463.5	836.6	486.9	975.4	3
OW	1	OKAY	568.7	1179.9	1801.6	90.9	239.8	310.5	24.637	24.607	24.727	0.12	62	1	6	1	0	1			577.7	1201.3	570.0	1182.2	600.7	1225.2	595.5	1284.5	565.1	1178.8	6
OW	1	OKAY	510.6	1045.1	2042.3	137.9	295.0	634.9	25.21	25.187	25.287	0.1	62	1	6	1	0	1			514.8	1049.7	526.9	1075.6	508.3	1084.6	490.6	1079.9	514.8	1086.1	6
EY	1	OKAY	583.2	1522.0	2128.2	115.8	280.8	579.2	25.367	25.347	25.457	0.11	22	0	0	0	6	0			582.6	1522.6	569.0	1536.1	544.0	1457.9	547.8	1512.6	583.8	1545.8	5
AH	1	WHAT'S	551.9	1385.5	3207.2	82.3	143.2	581.1	26.476	26.429	26.569	0.14	6	1	4	1	9	3			562.9	1444.2	548.6	1374.5	532.4	1352.9	543.4	1410.2	535.6	1406.1	5
IH	1	HERE	439.2	1999.7	3303.8	176.8	178.1	858.4	28.169	28.136	28.236	0.1	14	6	4	2	0	0			429.3	2039.9	442.9	1993.4	503.2	1981.1	535.1	1853.8	522.1	1854.2	3
EH	1	WELL	573.0	1283.5	1901.3	106.1	142.1	1308.6	33.363	33.346	33.396	0.05	2	5	4	2	9	0			559.1	1317.1	573.0	1283.5	593.3	1244.3	600.2	1224.3	613.9	1206.7	6
AH	0	JUST	428.0	1951.8	3378.3	36.3	405.9	1068.8	33.663	33.646	33.696	0.05	6	3	4	1	5	3			427.0	1923.7	428.0	1951.8	429.0	1993.7	429.6	1973.8	430.0	1910.9	4
AH	1	UM	686.3	1322.5	2816.2	63.6	349.9	508.8	34.322	34.229	34.509	0.28	6	4	1	2	0	0			672.9	1325.5	687.3	1328.6	639.7	1282.5	652.5	1353.1	645.7	1162.0	5
AY	1	I	653.4	1417.5	2211.5	53.6	104.9	708.0	34.758	34.639	34.879	0.24	41	0	0	0	0	0		m	595.5	1293.9	605.6	1385.4	654.9	1418.3	631.2	1489.8	607.1	1435.2	6
AY	1	I	628.3	1379.8	2475.6	68.9	153.6	768.9	34.944	34.929	35.029	0.1	41	0	0	0	0	0		s	626.3	1406.4	595.5	1498.9	550.5	1578.8	519.7	1634.4	475.4	1637.6	5
AY	1	I	662.6	1330.6	2906.6	58.5	151.6	1264.6	35.283	35.199	35.459	0.26	41	0	0	0	0	0			636.8	1277.1	653.5	1326.0	592.1	1501.8	594.6	1534.3	609.3	1604.3	5
AY	1	I	686.5	1402.4	3227.3	44.9	118.8	725.3	35.464	35.459	35.549	0.09	41	0	0	0	0	0		s	661.5	1364.2	613.0	1416.1	609.0	1499.0	630.2	1551.9	640.5	1595.0	5
AE	1	HAVE	570.8	1582.4	2420.4	94.8	168.1	916.4	35.606	35.579	35.659	0.08	3	3	2	2	0	0			596.7	1634.9	569.4	1578.4	562.9	1558.5	571.5	1550.3	577.8	1531.1	5
AH	1	BUT	535.6	1422.0	2642.0	81.1	109.7	396.8	36.272	36.229	36.359	0.13	6	1	4	1	1	0			505.2	1306.8	534.6	1438.5	482.2	1501.6	468.3	1539.7	502.9	1523.9	5
AH	1	BUT	505.4	1273.9	2666.8	46.9	63.2	126.4	36.509	36.479	36.569	0.09	6	1	4	1	1	0			505.2	1188.8	506.6	1282.4	518.2	1375.3	496.0	1463.2	475.7	1524.7	5
IH	1	REALLY	441.0	1588.5	1962.6	98.2	114.9	549.9	37.202	37.179	37.249	0.07	1	5	4	2	7	1			466.6	1558.7	441.3	1599.0	446.9	1623.7	445.7	1583.0	554.5	1532.6	6
IY	0	REALLY	388.2	1589.6	2708.7	75.3	219.4	363.0	37.349	37.329	37.389	0.06	12	0	0	0	7	0			400.4	1597.6	386.2	1586.0	378.6	1545.0	379.5	1532.8	380.1	1541.3	5
AE	1	THAT'S	563.1	1614.2	3357.3	180.8	213.1	507.4	42.111	42.071	42.191	0.12	3	1	4	1	3	3			624.8	1617.8	569.2	1622.0	659.1	1830.4	566.8	1923.1	539.4	1804.4	4
AW	1	HOW	780.2	1653.0	2769.0	172.0	270.0	174.5	43.235	43.224	43.274	0.05	42	0	0	0	0	0			780.2	1653.0	781.7	1634.9	777.9	1617.2	794.4	1593.3	849.2	1548.6	4
AW	1	HOW	710.7	1203.2	2096.4	98.0	234.1	943.2	43.436	43.414	43.544	0.13	42	0	0	0	0	0			712.2	1174.6	760.2	1181.9	648.9	1145.9	611.0	1132.0	607.2	1157.9	6
OW	1	OLD	506.0	903.0	2380.2	265.6	122.7	575.7	43.561	43.544	43.614	0.07	62	5	4	2	0	3			531.5	922.4	525.2	848.8	576.2	836.5	595.2	899.3	567.0	943.8	6
ER	0	ARE	518.1	1325.5	2281.6	51.9	182.4	197.0	43.711	43.684	43.764	0.08	94	0	0	0	0	0			518.0	1286.7	517.5	1331.6	503.1	1429.8	473.5	1492.6	469.8	1446.8	6
UW	1	YOU	464.1	1739.0	2585.3	105.1	216.4	1029.6	43.821	43.794	43.874	0.08	82	0	0	0	9	0			491.2	1773.4	461.5	1736.0	433.4	1731.8	440.0	1698.6	490.0	1532.7	5
AW	1	WOW	520.9	1285.3	1772.7	98.6	159.2	1488.0	52.211	52.188	52.278	0.09	42	0	0	0	9	0			525.1	1281.9	523.4	1268.4	534.2	1200.2	538.8	1147.1	536.7	1129.4	6
IH	1	DID	435.9	1658.4	2115.8	237.6	385.4	702.6	83.069	83.042	83.122	0.08	1	1	4	2	3	0			462.6	1642.2	430.6	1657.5	396.1	1626.5	384.9	1646.4	401.3	1693.9	6
AW	1	WOW	599.4	1513.3	2807.5	161.4	308.3	369.1	86.668	86.656	86.766	0.11	42	0	0	0	9	0			630.2	1434.2	602.7	1440.4	622.8	1492.0	837.1	1580.7	711.2	1504.3	5
AH	0	MHM	467.7	1172.2	2454.5	161.0	580.0	953.4	88.809	88.792	88.842	0.05	6	4	1	2	0	4			464.5	1180.7	467.7	1172.2	477.2	1152.3	475.5	1124.5	455.6	1122.1	5
AH	1	HUH	413.7	1276.2	1716.7	154.5	597.6	416.8	146.413	146.36	146.52	0.16	6	0	0	0	0	0			422.5	1162.7	415.3	1272.7	402.9	1130.5	362.2	1091.5	348.7	1164.3	6
AH	1	UH	481.8	1321.6	2941.8	194.6	394.0	975.2	167.181	167.144	167.254	0.11	6	0	0	0	0	0			488.1	1325.9	482.3	1317.8	523.0	1318.5	635.8	1320.1	581.7	1355.0	5
AE	1	YEAH	563.7	1825.6	3344.0	177.3	307.2	987.5	174.131	174.088	174.218	0.13	3	0	0	0	9	0			543.0	1820.4	558.6	1821.6	521.3	1753.0	541.2	1856.4	567.0	1775.0	4
IH	1	IS	484.2	1649.3	2644.2	103.2	262.8	986.9	174.634	174.614	174.674	0.06	1	3	4	2	0	0			487.4	1643.0	483.8	1648.5	479.8	1666.3	473.1	1656.7	458.4	1642.7	5
ER	0	ELEANOR	475.5	1103.1	1995.1	61.5	198.0	523.3	175.121	175.094	175.174	0.08	94	0	0	0	4	0			468.0	1108.5	476.6	1097.6	483.6	1130.4	475.6	1227.8	450.6	1217.0	6
AH	1	HUH	567.3	1356.5	2187.5	134.0	584.9	1088.9	180.482	180.452	180.542	0.09	6	0	0	0	0	0			563.2	1355.5	566.0	1351.6	556.1	1385.3	609.6	1584.5	578.4	1637.1	5
AH	1	HUH	510.6	1228.4	1934.1	123.7	319.8	524.4	207.337	207.304	207.404	0.1	6	0	0	0	0	0			531.9	1235.7	509.9	1242.6	519.7	1227.1	522.1	1221.7	517.6	1244.7	6
AE	1	YEAH	584.9	1690.4	2954.2	251.5	213.3	2440.9	231.553	231.51	231.64	0.13	3	0	0	0	9	0			571.3	1686.7	587.7	1684.0	576.0	1604.1	612.5	1621.7	630.9	1567.1	5
AY	1	I'VE	622.6	1311.9	3027.1	180.4	315.1	445.8	231.843	231.81	231.92	0.11	41	3	2	2	0	0		s	688.9	1457.0	590.8	1279.6	562.9	1342.8	536.4	1401.3	527.8	1446.9	5
IY	1	SEEN	386.9	2165.6	3421.1	276.3	191.4	500.2	232.07	232.04	232.13	0.09	11	4	4	2	3	0			378.1	2060.1	389.9	2169.5	434.1	2157.4	442.1	2136.2	415.8	2148.3	4
AE	1	YEAH	480.5	1911.2	3098.2	236.6	793.5	918.7	260.051	260.024	260.104	0.08	3	0	0	0	9	0			493.4	2049.1	479.4	1893.7	470.5	1740.3	484.3	1780.1	489.0	1756.3	4
AY	1	NICE	535.7	1326.8	2906.8	30.6	98.0	512.4	288.317	288.286	288.416	0.13	47	3	4	1	4	0		s	535.5	1320.6	529.0	1343.6	525.4	1370.7	531.3	1417.6	496.2	1436.2	5
AE	1	YEAH	584.9	1757.0	2336.2	67.1	102.2	239.7	292.395	292.335	292.515	0.18	3	0	0	0	9	0			564.6	1810.2	585.1	1756.3	563.9	1723.6	581.8	1745.7	593.9	1324.2	6
AE	1	YEAH	536.2	1725.7	3492.8	84.6	386.0	343.2	310.822	310.779	310.909	0.13	3	0	0	0	9	0			526.6	1715.6	534.8	1719.0	517.2	1725.2	545.6	1763.5	514.3	1727.6	4
EH	1	WELL	544.7	1180.7	2002.8	44.4	265.4	381.3	311.422	311.399	311.469	0.07	2	5	4	2	9	0			544.3	1203.6	545.4	1180.4	555.3	1218.3	568.6	1238.5	574.2	1183.0	6
EH	1	WELL	554.8	1207.0	2547.9	50.1	327.2	273.9	311.989	311.969	312.029	0.06	2	5	4	2	9	0			545.2	1150.4	555.7	1213.7	558.1	1240.0	552.3	1239.0	556.2	1207.0	5
OW	1	NO	588.5	1419.0	2782.0	95.6	108.4	144.2	312.307	312.249	312.479	0.23	63	0	0	0	4	0			585.2	1452.7	553.3	1314.9	646.8	1241.6	551.7	1181.2	622.4	1229.3	5
ER	0	WERE	450.0	1422.6	2247.7	119.2	175.2	590.4	312.656	312.629	312.709	0.08	94	0	0	0	9	0			510.6	1452.9	440.7	1421.5	380.7	1424.6	381.7	1451.6	381.1	1423.8	6
AH	1	THE	489.4	1490.3	2640.3	55.4	89.0	355.8	312.826	312.769	312.939	0.17	6	0	0	0	3	0			487.5	1525.1	488.7	1487.5	465.4	1465.9	455.1	1424.1	455.8	1426.5	5
AY	1	CHILD	652.4	1173.9	2195.6	109.9	342.2	534.2	313.559	313.519	313.599	0.08	41	5	4	2	5	3		m	603.1	1365.2	640.8	1253.2	652.4	1173.9	634.7	1197.9	632.7	1238.0	6
EY	1	BABY	441.2	2022.3	2455.9	32.9	113.4	375.4	315.612	315.529	315.769	0.24	21	1	1	2	1	1			435.7	1908.9	441.2	2028.3	396.6	2124.7	332.2	2109.9	365.8	1891.6	3
IY	0	BABY	460.9	2336.0	3709.2	427.4	159.8	678.0	315.822	315.789	315.889	0.1	12	0	0	0	1	0			418.6	2332.5	471.3	2333.0	491.3	2292.5	426.3	2287.9	419.8	2295.3	3
OW	1	OKAY	556.2	1130.5	1948.4	172.7	166.1	510.9	334.393	334.36	334.49	0.13	62	1	6	1	0	1			562.0	1149.9	531.0	1080.8	585.0	1066.0	517.1	1129.3	519.6	1152.9	6
EY	1	OKAY	649.7	1810.4	2442.6	320.1	203.3	1243.1	334.581	334.56	334.61	0.05	22	0	0	0	6	0			575.8	1801.9	627.6	1810.8	644.7	1805.8	637.3	1789.0	623.1	1773.1	5
AH	0	MHM	371.7	1066.3	1960.9	205.3	254.4	430.3	339.656	339.639	339.689	0.05	6	4	1	2	0	4			380.1	1070.4	371.7	1066.3	375.3	1025.0	387.2	974.8	377.2	916.4	6
AE	1	THAT'S	594.2	1520.4	2244.7	160.3	235.4	482.0	360.132	360.115	360.165	0.05	3	1	4	1	3	3			579.5	1529.1	594.2	1520.4	598.7	1504.8	589.6	1495.6	595.8	1491.1	6
OW	1	OKAY	535.7	1061.7	2763.7	97.2	114.0	1059.6	376.81	376.803	376.903	0.1	62	1	6	1	0	1			532.6	1057.7	527.0	1053.0	507.2	1046.0	471.4	1060.8	467.0	1086.4	5
EY	1	OKAY	655.0	1724.7	2980.0	180.7	431.6	378.6	377.027	376.943	377.123	0.18	22	0	0	0	6	0			585.9	1619.1	603.9	1648.9	645.0	1718.9	653.4	1800.4	618.2	1873.3	4
OW	1	OKAY	538.6	1124.3	2356.8	127.7	138.2	1458.0	377.413	377.383	377.483	0.1	62	1	6	1	0	1			555.2	1137.2	532.5	1116.2	501.6	1033.7	471.6	1031.1	476.4	1081.2	6
EY	1	OKAY	648.4	1767.8	3352.1	246.6	675.8	369.3	377.565	377.553	377.693	0.14	22	0	0	0	6	0			582.7	1598.8	583.2	1641.0	580.8	1582.0	580.8	1576.0	606.5	1558.7	4
AH	1	WHAT	487.4	1475.4	2600.3	159.0	348.9	1045.6	377.91	377.893	377.943	0.05	6	1	4	1	9	0			477.1	1414.5	487.4	1475.4	497.6	1519.7	504.4	1502.3	511.4	1469.4	5
OW	1	OKAY	670.2	1029.6	1517.0	487.2	611.0	1258.9	380.409	380.402	380.462	0.06	62	1	6	1	0	1			670.2	1029.6	650.0	1024.3	567.5	1017.8	513.9	1046.7	484.3	1081.5	6
EY	1	OKAY	550.4	1461.0	2139.4	131.9	271.7	806.7	380.554	380.542	380.652	0.11	22	0	0	0	6	0			537.3	1418.2	526.8	1404.4	549.7	1472.6	538.3	1591.7	588.8	1694.3	5
UW	1	COOL	411.7	993.8	1687.7	242.3	505.0	610.0	389.529	389.416	389.756	0.34	72	5	4	2	6	0			396.5	1131.0	407.0	966.9	446.2	1110.3	448.4	1012.7	318.0	1054.0	3
AW	1	WOW	599.7	1247.7	2054.0	358.3	340.9	589.5	392.485	392.478	392.598	0.12	42	0	0	0	9	0			605.8	1265.6	607.7	1342.9	583.6	1251.1	508.7	1210.0	425.3	1195.3	6
AH	0	INTERESTING	495.0	1476.4	2291.3	39.7	169.8	1667.2	411.896	411.856	411.976	0.12	6	3	4	1	8	4			484.0	1472.2	497.5	1477.4	503.1	1513.2	527.4	1507.8	516.6	1478.6	6
AE	1	YEAH	519.6	1710.3	2623.8	107.5	100.1	354.2	420.938	420.871	421.071	0.2	3	0	0	0	9	0			526.5	1844.4	522.0	1701.5	530.8	1656.3	534.1	1690.2	508.7	1615.5	5
AE	1	YEAH	498.0	1625.1	2540.8	88.7	64.7	309.7	421.751	421.711	421.831	0.12	3	0	0	0	9	0			483.6	1689.5	501.2	1624.0	512.0	1615.7	529.4	1637.4	520.7	1630.3	5
AH	1	HUH	558.7	1211.7	2882.4	95.0	192.2	694.9	446.298	446.271	446.351	0.08	6	0	0	0	0	0			567.2	1203.1	559.2	1214.6	591.8	1218.4	646.7	1200.9	681.0	1222.8	5
OW	1	OKAY	470.8	1167.7	2045.9	133.2	293.7	1093.3	452.168	452.161	452.251	0.09	62	1	6	1	0	1			452.1	1190.3	434.5	1152.5	459.3	1121.1	483.4	1132.8	488.9	1157.2	6
AE	1	YEAH	557.8	1651.3	2846.4	115.7	211.5	664.3	456.745	456.715	456.805	0.09	3	0	0	0	9	0			561.3	1656.3	558.6	1658.6	555.0	1713.3	578.8	1688.9	603.4	1622.2	5
OW	1	THOUGH	448.0	1371.4	2579.3	97.3	402.5	287.3	457.522	457.505	457.605	0.1	63	0	0	0	3	0			448.9	1373.2	487.2	1438.5	476.5	1481.1	442.0	1428.0	466.0	1452.1	5
AW	1	ABOUT	576.7	1363.2	2540.8	95.9	194.7	284.1	460.744	460.724	460.814	0.09	42	1	4	1	1	0			574.9	1353.5	615.8	1420.9	630.0	1396.8	597.0	1356.1	583.9	1350.4	5
AH	0	ABOUT	486.3	1230.2	2585.8	109.4	113.6	360.6	460.897	460.874	460.944	0.07	6	1	1	2	0	1			512.5	1257.2	483.7	1230.5	471.7	1234.1	473.8	1222.9	487.5	1222.8	5
AW	1	ABOUT	632.9	1277.1	2574.3	160.7	147.6	1301.3	461.027	460.994	461.164	0.17	42	1	4	1	1	0			635.9	1279.7	716.1	1299.4	646.1	1193.9	688.1	1209.0	648.8	1219.2	6
IY	0	FAMILY	569.4	1961.9	3633.1	291.2	593.0	378.0	461.544	461.514	461.604	0.09	12	0	0	0	7	0			541.3	1903.9	569.3	1961.4	577.3	1949.5	603.5	2009.8	562.2	1776.3	4
AY	1	LIKE	518.1	1330.2	2832.7	76.2	115.5	140.1	462.064	462.077	462.147	0.07	47	1	6	1	7	0			501.2	1543.7	500.8	1621.3	477.0	1658.0	452.1	1687.3	466.4	1710.9	5
ER	0	WERE	433.9	1466.1	1893.9	80.7	192.7	58.7	462.714	462.687	462.767	0.08	94	0	0	0	9	0			465.4	1409.1	430.2	1469.1	390.2	1504.4	376.8	1521.1	372.2	1613.5	6
AH	1	YOUNG	571.5	1381.3	2816.2	136.6	186.2	190.8	462.89	462.867	462.937	0.07	6	4	6	2	9	0			535.9	1419.3	574.4	1383.5	579.8	1406.2	549.6	1392.8	524.0	1352.1	5
IH	1	DID	325.8	1737.2	2469.6	143.6	317.0	635.6	465.868	465.851	465.901	0.05	1	1	4	2	3	0			345.5	1726.1	325.8	1737.2	323.4	1832.4	325.5	1865.7	326.0	1848.4	5
AY	1	LIKE	517.2	1282.4	2147.6	69.6	361.0	355.6	466.227	466.211	466.291	0.08	47	1	6	1	7	0		s	517.2	1282.4	497.7	1386.5	469.5	1363.5	488.4	1379.0	554.4	1426.9	6
ER	1	CURFEWS	473.6	1307.2	1684.8	57.0	143.1	152.5	466.468	466.411	466.581	0.17	94	3	2	1	6	1			494.0	1313.0	465.4	1305.1	462.6	1347.3	502.5	1290.1	492.4	1333.5	6
UW	0	CURFEWS	368.8	1432.1	2126.0	131.6	348.4	307.2	466.774	466.751	466.821	0.07	72	3	4	2	9	0			355.7	1479.6	369.7	1430.4	364.9	1441.2	350.5	1505.7	357.6	1533.7	3
AH	0	AT	418.3	1440.1	2453.9	66.3	168.5	345.9	466.871	466.851	466.911	0.06	6	1	4	1	0	0			394.0	1432.6	420.3	1441.1	436.6	1420.0	459.4	1420.0	453.9	1423.8	6
ER	0	OR	443.9	1238.6	1780.6	105.2	489.5	480.3	467.324	467.251	467.471	0.22	94	0	0	0	0	0			459.2	1294.4	448.0	1231.7	385.8	1358.3	514.1	1309.5	518.1	1321.0	6
IY	0	BE	391.1	2273.5		626.8	258.5		468.114	468.081	468.181	0.1	12	0	0	0	1	0			435.6	2333.0	398.5	2265.4	373.7	2255.4	373.5	2294.8	415.7	2303.1	4
IH	1	IN	462.7	1757.6	2382.9	86.2	535.9	308.5	468.198	468.181	468.231	0.05	1	4	4	2	0	0			460.2	2013.7	462.7	1757.6	457.7	1444.5	438.9	1177.7	414.1	992.5	6
AY	1	NIGHT	639.6	1508.4	2376.6	134.1	422.1	682.7	469.144	469.101	469.191	0.09	47	1	4	1	4	0		s	583.4	1451.6	615.3	1379.9	638.9	1538.5	633.2	1687.1	632.2	1621.6	5
AE	1	YEAH	526.2	1788.3	2699.9	163.2	178.7	312.5	482.198	482.181	482.231	0.05	3	0	0	0	9	0			506.0	1800.8	526.2	1788.3	572.4	1795.0	590.0	1792.1	581.4	1778.0	5
OW	1	OKAY	571.5	1188.5	1914.4	258.7	641.9	110.0	488.412	488.404	488.454	0.05	62	1	6	1	0	1			571.5	1188.5	565.8	1131.9	544.8	1206.6	535.6	1333.8	554.5	1374.9	6
AH	1	HUH	525.0	1211.1	2719.2	191.3	355.5	471.2	514.588	514.528	514.708	0.18	6	0	0	0	0	0			553.6	1224.8	523.6	1197.2	576.9	1147.2	500.6	1159.2	631.1	1332.7	5
OW	1	OKAY	449.8	1150.7	1872.2	137.6	343.6	436.5	535.923	535.914	536.004	0.09	62	1	6	1	0	1			450.9	1145.6	442.6	1120.2	424.2	1102.5	418.6	1142.0	433.7	1209.1	6
AE	1	YEAH	534.5	1713.1	2749.8	232.4	156.4	412.5	538.927	538.887	539.007	0.12	3	0	0	0	9	0			493.4	1797.1	537.5	1709.5	528.1	1684.5	557.8	1683.0	568.5	1697.8	4
AE	1	YEAH	535.8	1621.0	2643.2	68.1	187.2	558.7	566.666	566.633	566.733	0.1	3	0	0	0	9	0			532.9	1569.2	535.3	1628.9	552.1	1625.4	557.0	1566.5	532.1	1543.8	5
AH	1	UH	457.9	1157.3	1887.1	241.2	305.9	1079.7	570.017	569.994	570.064	0.07	6	0	0	0	0	0			485.1	1137.1	458.0	1155.7	461.5	1151.9	460.6	1204.8	484.6	1267.5	6
OW	1	OH	580.6	1018.1	2022.0	169.5	216.5	155.3	581.168	581.158	581.238	0.08	63	0	0	0	0	0			586.5	1026.2	574.4	1047.8	530.4	1076.0	519.4	1130.7	534.4	1215.9	6
AE	1	YEAH	495.5	1757.6	2586.1	135.8	254.2	846.6	617.854	617.824	617.914	0.09	3	0	0	0	9	0			498.6	1829.8	494.1	1754.2	478.4	1768.2	546.4	1772.8	639.1	1697.2	5
AE	1	YEAH	634.9	1663.0	2752.9	293.6	162.8	1195.7	651.093	651.063	651.153	0.09	3	0	0	0	9	0			583.1	1645.6	639.9	1662.5	686.6	1673.7	666.9	1699.1	731.3	1734.0	5
UW	1	DO	465.9	1524.3	2676.1	59.8	162.0	496.7	668.973	668.966	669.026	0.06	73	0	0	0	3	0			465.9	1524.3	469.7	1509.7	475.1	1490.3	475.2	1499.2	472.1	1527.6	5
IH	1	THINK	424.5	1690.7	2445.1	169.5	273.8	296.2	669.176	669.156	669.216	0.06	1	4	6	2	3	3			450.2	1714.5	427.0	1690.7	435.4	1728.5	423.4	1771.9	392.4	1781.9	6
IY	1	PEOPLE	362.8	1671.6	2184.8	188.5	152.6	731.7	669.326	669.306	669.366	0.06	11	1	1	1	1	1			355.9	1655.4	363.3	1670.0	372.3	1640.2	361.8	1582.9	364.8	1481.3	6
UW	1	WHO	416.8	1048.7	2457.1	230.0	52.2	172.3	669.546	669.516	669.606	0.09	72	0	0	0	0	0			388.7	1055.4	417.6	1048.2	426.5	1034.3	424.4	1033.2	430.2	1071.2	3
OW	1	GO	506.8	1361.3	2192.0	107.0	280.3	488.4	669.693	669.686	669.796	0.11	63	0	0	0	6	0			496.4	1326.1	472.4	1301.6	477.9	1284.4	450.1	1280.0	442.8	1365.7	6
IH	0	TO	436.0	1626.5	1886.2	163.5	128.8	223.6	669.986	669.956	670.046	0.09	1	0	0	0	3	0			445.8	1611.6	435.0	1627.9	435.9	1667.2	435.1	1648.0	430.8	1597.9	6
ER	0	ARE	596.2	1658.5	3290.4	621.8	130.5	1177.4	670.353	670.316	670.426	0.11	94	0	0	0	0	0			575.6	1599.0	591.9	1656.2	534.7	1638.1	521.4	1678.8	493.2	1643.2	5
OW	1	THOSE	498.2	1258.8	2442.7	94.9	134.1	540.8	671.223	671.216	671.316	0.1	62	3	4	2	3	0			498.2	1258.8	499.1	1238.6	491.7	1221.0	462.3	1193.0	441.0	1211.1	5
UW	1	WHO	420.8	1568.0	2135.8	211.4	527.3	412.4	671.446	671.416	671.506	0.09	72	0	0	0	0	0			408.1	1637.0	419.8	1564.7	407.2	1633.8	402.6	1589.5	408.3	1517.7	3
OW	1	DON'T	558.8	1183.5	2725.8	238.9	260.1	1182.5	671.538	671.526	671.766	0.24	62	4	4	2	3	0			582.8	1240.1	510.4	1185.0	622.7	972.4	566.0	1374.5	513.7	1051.1	5
ER	0	OR	492.1	1188.4	1879.9	126.8	262.5	643.1	672.043	672.026	672.076	0.05	94	0	0	0	0	0			504.8	1184.6	492.1	1188.4	481.5	1182.7	482.3	1162.2	501.2	1163.9	6
OW	1	OKAY	509.3	1131.0	1942.5	180.5	280.4	977.3	673.463	673.41	673.59	0.18	62	1	6	1	0	1			520.4	1116.5	544.6	1116.2	507.2	1056.4	453.7	1124.1	567.6	1124.4	6
OW	1	OKAY	554.3	1121.5	2102.8	107.2	223.5	791.4	684.623	684.611	684.691	0.08	62	1	6	1	0	1			554.5	1131.5	563.0	1118.7	529.6	1081.1	484.1	1072.1	487.6	1110.4	6
EY	1	OKAY	661.0	1595.7	3294.1	184.0	479.6	847.4	684.792	684.771	684.821	0.05	22	0	0	0	6	0			660.1	1595.5	659.3	1593.7	653.1	1604.8	656.1	1624.8	664.0	1635.5	4
OW	1	OKAY	545.9	1198.6	2358.0	100.2	147.4	627.7	693.735	693.708	693.818	0.11	62	1	6	1	0	1			550.6	1209.5	541.5	1187.3	642.0	1284.0	604.8	1322.8	520.3	1181.2	6
EY	1	OKAY	550.4	1475.8	2480.8	122.6	152.9	891.2	693.9	693.888	693.948	0.06	22	0	0	0	6	0			550.4	1475.8	548.1	1483.9	539.7	1493.9	559.4	1524.7	594.8	1572.6	5
IH	1	THINK	585.4	1194.4	2546.5	182.6	134.9	221.7	695.029	695.006	695.076	0.07	1	4	6	2	3	3			583.1	1201.4	585.3	1194.4	580.7	1182.1	610.6	1168.5	617.4	1176.2	5
OW	1	OKAY	578.4	1180.9	2514.2	134.5	286.3	406.0	702.215	702.194	702.344	0.15	62	1	6	1	0	1			618.1	1156.1	637.7	1164.7	492.8	1051.4	489.2	1112.0	489.1	1142.3	6
EY	1	OKAY	557.4	1563.9	2355.7	162.6	158.6	403.2	702.438	702.394	702.484	0.09	22	0	0	0	6	0			493.8	1523.7	521.4	1547.9	557.0	1561.6	514.8	1553.4	501.3	1542.0	6
AE	1	UNDERSTAND	531.1	1692.1	2823.5	246.7	247.4	597.0	719.223	719.196	719.276	0.08	33	4	4	2	3	3			533.4	1673.2	529.7	1693.5	514.8	1677.5	516.1	1630.4	509.1	1594.9	3
AW	1	WOW	614.2	1406.5	2607.9	197.8	628.8	289.9	815.908	815.883	816.003	0.12	42	0	0	0	9	0			614.2	1406.5	656.4	1366.5	662.3	1474.4	699.5	1490.1	798.7	1630.2	5
AW	1	WOW	707.3	1446.7	1949.4	73.7	85.6	810.0	817.145	817.103	817.273	0.17	42	0	0	0	9	0			702.7	1432.5	728.3	1431.2	781.5	1371.4	723.3	1221.3	715.9	1282.6	6
AE	2	ABSOLUTELY	608.9	1521.3	1855.1	65.0	98.2	978.7	822.57	822.507	822.697	0.19	3	1	1	2	0	5			694.2	1485.1	592.2	1508.2	545.2	1468.8	634.2	1514.7	612.7	1491.7	6
UW	1	ABSOLUTELY	552.2	1889.3	3717.0	363.3	338.9	352.2	823.104	823.077	823.157	0.08	82	1	4	1	7	1			519.7	1782.3	552.5	1894.6	490.3	1855.3	445.4	1849.3	464.3	1945.5	4
AE	1	YEAH	553.2	1714.0	2341.3	99.1	160.4	917.5	831.5	831.473	831.553	0.08	3	0	0	0	9	0			536.2	1743.0	554.6	1712.3	542.8	1694.6	491.0	1680.5	430.2	1503.3	6
AW	1	WOW	615.7	1175.8	2652.7	104.7	113.6	349.9	834.755	834.732	834.842	0.11	42	0	0	0	9	0			616.7	1178.0	657.5	1173.3	655.2	1278.1	618.6	1324.7	637.9	1407.2	5
AH	1	UH	549.7	1171.3	1862.1	222.6	322.5	265.2	848.443	848.42	848.49	0.07	6	0	0	0	0	0			552.4	1177.0	552.3	1172.1	573.5	1197.3	591.4	1183.3	570.2	1194.3	6
AW	1	WOW	606.3	1302.7	2801.5	124.9	158.2	250.5	851.64	851.633	851.713	0.08	42	0	0	0	9	0			595.0	1322.6	566.6	1321.0	603.8	1326.1	632.4	1382.5	600.0	1387.2	5
AE	1	HAVE	570.2	1742.1	2814.4	241.4	230.6	973.4	852.981	852.964	853.014	0.05	3	3	2	2	0	0			548.4	1758.1	570.2	1742.1	615.1	1787.2	643.4	1830.5	661.5	1821.6	4
AE	1	HAD	658.6	1631.1	2327.5	37.2	138.0	537.7	853.184	853.154	853.244	0.09	3	1	4	2	0	0			667.9	1607.8	657.0	1634.3	625.2	1627.7	590.2	1544.4	599.1	1515.0	5
AH	1	OTHER	585.7	1261.8	2275.8	83.0	83.2	367.8	853.301	853.264	853.374	0.11	6	3	3	2	0	1			556.8	1328.5	586.7	1261.2	576.6	1282.7	538.8	1293.6	514.8	1233.6	5
ER	0	OTHER	417.8	1356.4	2266.6	125.3	96.4	844.3	853.421	853.404	853.454	0.05	94	0	0	0	3	0			431.2	1346.8	417.8	1356.4	410.4	1381.2	416.7	1408.9	437.5	1439.6	6
IY	1	DREAMS	466.5	1944.5	2658.3	275.2	45.5	1283.1	853.577	853.554	853.624	0.07	11	4	1	2	8	3			473.3	1895.5	465.8	1950.1	438.5	2004.8	448.0	2028.6	491.5	2002.7	5
EH	1	WHERE	480.5	1727.7	3298.8	86.1	149.6	791.2	853.921	853.904	853.954	0.05	24	6	4	2	9	0			489.1	1714.9	480.5	1727.7	470.3	1749.7	464.5	1744.1	460.6	1723.8	3
EH	1	WHERE	463.9	1583.9	2112.2	109.2	211.8	791.1	854.561	854.524	854.634	0.11	24	6	4	2	9	0			462.1	1513.7	463.7	1584.5	456.2	1597.5	458.6	1660.7	462.5	1702.2	3
UW	1	YOU	348.1	1287.2	1872.7	68.0	299.2	255.5	855.071	855.054	855.104	0.05	82	0	0	0	9	0			335.6	1322.9	348.1	1287.2	358.1	1242.1	357.4	1226.6	354.3	1217.7	6
ER	0	WERE	427.2	1626.4	2357.6	80.8	142.3	2094.2	855.157	855.134	855.204	0.07	94	0	0	0	9	0			427.7	1588.4	428.0	1629.1	453.2	1660.5	485.5	1632.6	489.3	1582.9	5
OW	1	TOLD	492.0	1073.7	1861.7	222.3	455.5	735.4	855.256	855.244	855.294	0.05	62	5	4	2	3	3			492.0	1073.7	506.8	949.7	519.8	904.2	519.0	868.9	517.2	830.4	6
AH	1	SOMETHING	560.5	1009.0	2420.1	245.0	267.2	630.2	855.554	855.484	855.694	0.21	6	4	1	2	3	4			561.9	1043.8	571.2	988.6	497.5	1110.7	585.2	1083.9	520.0	1419.0	5
OW	1	OKAY	506.3	1125.0	1989.6	196.8	282.4	225.4	914.178	914.161	914.251	0.09	62	1	6	1	0	1			509.8	1121.8	548.6	1064.1	529.9	1126.0	468.9	1207.3	412.0	1223.4	6
AH	0	HM	364.1	1221.9	2028.4	165.8	491.2	331.1	959.138	959.111	959.191	0.08	6	4	1	2	0	0			365.2	1203.8	361.9	1223.2	345.0	1235.0	373.7	1329.2	390.0	1320.5	6
AE	1	YEAH	531.5	1856.4	3446.2	202.1	223.7	1271.6	977.372	977.349	977.419	0.07	3	0	0	0	9	0			542.7	1846.2	528.8	1855.9	531.0	1837.7	535.2	1808.8	521.1	1765.6	4
AW	1	WOW	632.5	1542.6	3418.8	139.3	351.2	721.0	1000.927	1000.901	1001.101	0.2	42	0	0	0	9	0			657.4	1513.1	644.6	1568.3	655.1	1481.9	732.7	1490.3	765.2	1408.4	4
AE	1	HAS	598.3	1696.1	3096.9	70.9	150.1	672.3	1009.488	1009.451	1009.561	0.11	3	3	4	2	0	0			609.4	1638.9	597.4	1700.7	599.9	1733.7	593.5	1709.3	511.0	1711.5	4
AH	0	HAS	506.0	1408.4	1692.5	91.7	832.1	39.0	1009.801	1009.781	1009.841	0.06	6	3	4	2	0	0			508.6	1438.6	506.0	1399.1	504.2	1328.8	501.1	1302.8	510.3	1301.9	6
EH	1	EVER	551.4	1517.6	2174.0	170.5	100.6	584.1	1009.998	1009.981	1010.031	0.05	2	3	2	2	0	1			564.4	1537.5	551.4	1517.6	545.9	1490.5	542.5	1467.3	532.8	1445.1	5
AH	0	A	496.3	1569.6	2526.0	96.1	125.3	405.9	1010.234	1010.211	1010.281	0.07	6	0	0	0	0	0			506.4	1551.7	496.4	1571.2	502.7	1548.9	519.5	1536.2	564.2	1571.3	5
AY	1	TIME	741.8	1237.9	3128.0	213.9	76.9	916.1	1010.471	1010.391	1010.551	0.16	41	4	1	2	3	0		s	662.9	1214.6	665.4	1184.6	741.8	1237.9	770.7	1317.3	736.0	1444.0	5
UW	1	YOU	419.7	1578.8	1835.8	104.6	273.8	296.1	1010.991	1010.951	1011.071	0.12	82	0	0	0	9	0			425.7	1496.3	415.2	1582.3	376.3	1538.5	364.3	1489.1	418.5	1463.7	6
ER	0	WERE	421.1	1428.2	1952.3	66.4	191.5	706.4	1011.148	1011.121	1011.201	0.08	94	0	0	0	9	0			420.8	1326.7	421.8	1433.8	432.8	1460.9	438.2	1450.6	436.1	1487.3	6
IH	1	THINKING	438.5	1653.5	2540.4	72.7	102.3	530.7	1011.258	1011.231	1011.311	0.08	1	4	6	2	3	4			449.0	1596.2	437.8	1655.1	436.8	1631.8	449.8	1588.0	455.0	1552.7	5
EH	1	YOURSELF	559.4	1376.5	2797.8	143.3	101.2	330.7	1011.658	1011.641	1011.691	0.05	2	5	4	2	3	3			566.5	1413.1	559.4	1376.5	575.7	1326.0	592.3	1319.1	610.1	1310.4	5
AE	1	THAT	589.3	1482.9	2820.8	134.3	115.1	419.3	1012.054	1012.021	1012.121	0.1	3	1	4	1	3	0			570.8	1437.4	590.3	1490.8	575.0	1531.4	600.8	1502.0	611.0	1522.3	5
AH	0	THIS	460.7	1639.8	2731.1	162.3	222.3	711.9	1012.714	1012.691	1012.761	0.07	6	3	4	1	3	0			465.5	1628.0	460.5	1641.4	460.4	1676.9	463.4	1676.2	457.7	1671.8	5
EH	1	WHEN	619.6	1198.1	2082.7	74.0	246.0	537.2	1013.231	1013.211	1013.271	0.06	2	4	4	2	9	0			625.0	1195.6	618.0	1198.2	603.6	1175.6	608.8	1160.3	641.0	1158.0	6
OW	1	GO	579.6	1239.2	2036.8	117.3	242.9	579.3	1013.598	1013.591	1013.671	0.08	63	0	0	0	6	0			579.1	1210.7	570.4	1172.3	552.8	1184.2	539.3	1140.8	549.5	1205.1	6
OW	1	NO	541.1	1433.9	2449.6	151.4	186.6	880.4	1017.147	1017.131	1017.271	0.14	63	0	0	0	4	0			545.4	1377.9	524.5	1327.6	513.8	1242.2	530.9	1271.5	593.2	1370.0	5
AE	1	HAVE	590.6	1471.0	2589.6	79.2	363.4	449.4	1037.184	1037.167	1037.217	0.05	3	3	2	2	0	0			595.0	1485.3	589.8	1469.6	584.5	1428.8	576.1	1384.7	560.7	1366.0	5
AH	0	JUST	442.1	1522.7	2158.0	86.4	116.7	1346.4	1038.136	1038.116	1038.176	0.06	6	3	4	1	5	3			454.8	1518.4	441.1	1523.1	443.5	1533.4	445.7	1532.1	445.6	1510.2	6
AE	1	AND	617.7	1633.0	2773.2	137.2	221.2	378.6	1052.688	1052.658	1052.748	0.09	3	4	4	2	0	3			569.9	1607.3	621.2	1636.3	595.5	1642.3	582.4	1657.2	578.6	1663.0	5
AW	1	HOW	697.7	1413.1	3079.7	160.1	234.6	595.8	1052.965	1052.958	1053.048	0.09	42	0	0	0	0	0			697.7	1413.1	701.6	1384.5	681.6	1353.0	614.5	1352.8	713.9	1410.7	4
IY	0	MANY	377.6	2214.6	3238.1	252.1	448.6	420.7	1053.191	1053.148	1053.278	0.13	12	0	0	0	4	0			373.8	2247.3	384.7	2214.7	429.7	2199.0	407.9	2232.3	447.9	2126.6	4
AW	1	HOW	745.0	1159.9	2797.0	271.9	454.5	877.4	1053.355	1053.348	1053.428	0.08	42	0	0	0	0	0			741.8	1149.3	707.6	1092.1	613.2	1112.8	582.0	1209.3	578.0	1343.2	5
AE	1	GRANDKIDS	706.4	1697.2	2441.5	145.9	123.9	508.0	1053.651	1053.618	1053.718	0.1	33	4	4	2	8	4			600.6	1568.3	706.3	1708.2	689.3	1756.6	600.3	1451.3	512.7	1078.1	3
UW	1	TWO	452.5	1939.7	3570.5	282.9	586.6	952.0	1055.411	1055.265	1055.565	0.3	73	0	0	0	3	0			702.1	2025.7	428.4	1875.4	453.2	1929.0	759.0	2730.0	514.3	1304.2	4
OW	1	OKAY	558.2	1284.2	2501.6	195.7	255.1	912.6	1064.633	1064.626	1064.676	0.05	62	1	6	1	0	1			558.2	1284.2	554.0	1302.9	523.9	1317.6	502.3	1323.8	499.0	1314.6	5
AE	1	HAVE	550.5	1675.0	3289.3	68.2	225.0	232.2	1066.686	1066.669	1066.719	0.05	3	3	2	2	0	0			541.1	1656.2	552.6	1676.0	562.8	1678.1	555.1	1692.5	551.8	1676.9	4
AH	0	YOU	487.5	1631.9	2337.8	58.9	135.4	421.9	1066.852	1066.819	1066.919	0.1	6	0	0	0	9	0			462.4	1689.3	491.0	1626.1	513.6	1618.4	502.6	1585.3	511.9	1616.7	5
ER	0	EVER	520.1	1396.3	2342.0	89.4	117.9	994.9	1067.249	1067.229	1067.289	0.06	94	0	0	0	1	0			524.6	1422.8	519.3	1394.5	509.3	1365.1	508.9	1383.3	505.5	1473.2	5
AE	1	HAD	619.0	1566.0	2369.8	49.6	137.6	351.1	1067.362	1067.329	1067.429	0.1	3	1	4	2	0	0			610.0	1578.0	621.3	1565.8	635.5	1567.4	629.6	1536.7	607.7	1500.1	5
IY	1	DREAM	384.1	1838.2	3032.3	152.5	92.6	724.7	1067.656	1067.619	1067.729	0.11	11	4	1	2	8	0			386.9	1782.4	385.2	1839.1	439.2	1884.0	419.7	1941.5	413.5	1906.0	4
AE	1	THAT	550.9	1418.3	2841.5	75.3	115.1	263.2	1067.826	1067.799	1067.879	0.08	3	1	4	1	3	0			543.4	1484.9	551.5	1411.9	547.4	1378.6	541.0	1362.2	542.3	1323.5	5
AY	1	LIKE	489.7	1312.6	3037.7	57.8	128.2	409.3	1067.936	1067.949	1068.029	0.08	47	1	6	1	7	0			477.1	1527.6	454.6	1565.5	442.1	1582.7	549.8	1644.4	574.2	1687.8	5
IY	1	REALLY	372.1	1430.9	1848.1	119.7	268.6	437.3	1068.176	1068.149	1068.229	0.08	11	5	4	2	7	1			360.4	1456.0	372.7	1426.4	379.8	1325.7	371.9	1246.9	358.0	1234.6	6
AH	0	THAT	464.6	1500.4	3323.8	131.2	226.9	524.7	1068.602	1068.579	1068.649	0.07	6	1	4	1	3	0			478.7	1507.6	466.2	1497.9	461.7	1498.7	454.1	1542.2	445.4	1561.3	4
EH	1	SCARED	445.7	1857.5	2721.7	217.7	73.5	1168.8	1068.992	1068.969	1069.039	0.07	24	6	4	2	6	3			439.4	1877.4	445.9	1854.8	433.7	1834.6	418.7	1821.4	410.8	1801.6	3
UW	1	YOU	396.1	1173.8	2052.9	78.9	304.2	296.0	1069.312	1069.289	1069.359	0.07	82	0	0	0	9	0			374.4	1241.6	398.1	1161.8	398.9	1134.3	405.9	1151.6	435.0	1195.5	6
ER	0	OR	465.7	1442.8	2322.5	132.1	198.8	1264.9	1069.376	1069.359	1069.409	0.05	94	0	0	0	0	0			459.7	1439.9	467.7	1444.2	482.1	1463.0	480.8	1502.9	461.7	1520.3	5
AE	1	YEAH	479.1	1915.0	3125.0	172.9	218.9	2070.2	1127.455	1127.422	1127.522	0.1	3	0	0	0	9	0			470.6	1872.9	478.4	1916.1	469.5	1913.1	484.2	1868.8	515.9	1903.7	4
AW	1	WOW	572.9	1254.8	1697.3	286.3	507.3	470.1	1160.492	1160.479	1160.579	0.1	42	0	0	0	9	0			575.3	1228.3	599.7	1156.6	561.0	1261.5	511.4	1288.4	475.1	1241.1	6
IH	1	DIFFICULT	408.6	1531.6	2542.1	109.6	255.6	249.3	1170.2	1170.17	1170.26	0.09	1	3	2	1	3	2			404.4	1495.2	409.2	1527.9	429.0	1468.3	454.2	1487.5	447.2	1540.5	5
IY	1	SEEN	418.0	2328.6	3493.9	222.6	84.1	93.0	1173.027	1172.994	1173.094	0.1	11	4	4	2	3	0			385.2	2292.9	431.7	2328.0	531.9	2305.4	454.1	2303.2	429.1	2275.0	4
AH	1	OTHER	562.4	1330.4	2886.2	134.9	185.5	495.8	1173.161	1173.124	1173.234	0.11	6	3	3	2	0	1			580.5	1465.4	562.2	1325.9	565.3	1318.0	519.9	1273.2	499.2	1213.9	5
ER	0	OTHER	570.9	1313.0	2425.7	146.2	110.6	1429.7	1173.281	1173.264	1173.314	0.05	94	0	0	0	3	0			593.9	1320.0	565.2	1312.0	517.8	1298.7	495.5	1254.8	493.4	1231.6	6
AE	1	THAT	578.5	1542.6	3132.0	141.3	104.7	296.7	1173.597	1173.554	1173.684	0.13	3	1	4	1	3	0			559.8	1548.1	585.2	1547.5	576.5	1519.6	567.0	1515.7	566.1	1589.1	4
AY	1	LIKE	518.6	1207.9	2874.6	67.7	131.1	264.1	1173.952	1173.964	1174.034	0.07	47	1	6	1	7	0		m	464.1	1217.5	446.0	1302.5	451.5	1272.2	466.4	1178.5	485.6	1152.8	6
IY	1	SEEN	438.5	1723.2	2372.2	197.0	132.2	216.2	1174.181	1174.164	1174.214	0.05	11	4	4	2	3	0			472.5	1701.5	429.1	1731.6	370.8	1785.8	362.0	1660.5	355.6	1519.5	6
AA	1	HARD	598.9	1085.5	2020.3	75.4	168.3	600.3	1174.777	1174.744	1174.844	0.1	44	6	4	2	0	3			578.4	1046.8	602.2	1091.3	585.4	1132.9	549.5	1144.7	518.0	1211.5	3
UW	1	TO	436.4	1372.8	2411.2	97.8	289.5	1068.7	1174.951	1174.944	1175.004	0.06	73	0	0	0	3	0			436.4	1372.8	439.2	1311.5	437.9	1288.7	431.5	1304.4	418.0	1280.3	5
ER	0	OR	417.9	1662.4	2324.8	141.4	202.0	1266.9	1175.571	1175.554	1175.604	0.05	94	0	0	0	0	0			414.6	1665.0	419.9	1663.6	433.9	1676.3	441.6	1674.9	447.2	1648.4	5
AE	1	AND	532.3	1449.1	2644.0	77.7	218.5	307.9	1207.074	1207.054	1207.114	0.06	3	4	4	2	0	3			516.3	1461.9	535.6	1444.9	566.5	1456.5	576.2	1483.5	579.6	1514.4	5
AE	1	THAT	549.2	1519.4	2654.8	128.2	199.6	87.0	1207.277	1207.254	1207.324	0.07	3	1	4	1	3	0			544.1	1530.4	549.9	1517.1	542.2	1533.6	541.3	1522.2	527.0	1523.7	5
AH	1	UM	596.5	1271.2	2518.5	169.4	168.6	695.0	1207.657	1207.634	1207.704	0.07	6	4	1	2	0	0			591.9	1226.0	596.2	1273.2	579.8	1250.2	557.7	1211.1	556.7	1203.3	5
IH	1	IT'S	543.4	1436.6	2544.0	294.2	174.6	683.5	1207.964	1207.934	1208.024	0.09	1	1	4	1	0	3			553.8	1409.3	536.8	1445.3	496.3	1518.7	465.4	1525.2	439.6	1484.8	5
AE	1	YEAH	514.7	1846.0	2935.9	176.2	234.6	636.3	1217.644	1217.617	1217.697	0.08	3	0	0	0	9	0			484.6	1875.1	515.9	1846.4	499.0	1826.0	471.7	1727.4	488.9	1667.1	5
AE	1	YEAH	567.3	1942.4	3132.7	222.5	316.2	720.9	1218.448	1218.418	1218.508	0.09	3	0	0	0	9	0			587.5	1881.7	561.0	1949.5	547.5	2054.5	540.0	1734.4	508.5	1483.1	5
AW	1	WOW	557.9	1320.1	2539.2	141.9	207.0	333.2	1223.813	1223.785	1223.945	0.16	42	0	0	0	9	0			578.3	1331.3	715.2	1286.7	538.2	1221.7	498.8	1080.8	514.4	1192.4	6
OW	1	NO	561.2	1368.5	1954.4	135.5	282.1	535.3	1228.318	1228.285	1228.415	0.13	63	0	0	0	4	0			548.8	1382.9	571.2	1346.7	592.6	1405.5	599.0	1342.2	579.3	1360.0	6
EH	1	WELL	608.4	1049.6	1690.6	35.6	250.5	496.2	1228.622	1228.605	1228.655	0.05	2	5	4	2	9	0			599.8	1054.7	609.8	1048.1	616.2	1027.2	613.3	1030.8	610.7	1054.2	6
AY	1	I'M	625.4	1270.0	2178.9	140.4	342.0	650.2	1228.9	1228.865	1228.935	0.07	41	4	1	2	0	0		m	576.4	1196.1	585.8	1192.8	625.4	1270.0	720.3	1424.5	674.2	1554.5	5
AW	1	ABOUT	626.0	1151.7	2601.7	171.8	62.5	729.6	1230.222	1230.215	1230.335	0.12	42	1	4	1	1	0			577.2	1153.8	523.6	1150.4	519.3	1104.6	486.9	1118.8	457.1	1138.7	5
OW	1	GROWING	587.7	1207.5	2117.4	117.6	311.7	491.1	1230.639	1230.625	1230.685	0.06	62	0	0	0	8	1			585.5	1211.2	596.8	1185.1	601.5	1123.7	586.0	1085.7	559.3	1077.5	5
AH	1	UP	640.7	1201.0	2606.6	133.6	247.2	336.7	1230.788	1230.745	1230.875	0.13	6	1	1	1	0	0			600.8	1135.0	635.9	1195.3	607.8	1167.1	654.0	1172.8	608.1	1172.9	6
ER	0	WERE	435.7	1439.4	1741.7	74.8	181.4	245.3	1232.337	1232.32	1232.37	0.05	94	0	0	0	9	0			437.3	1403.1	435.7	1444.3	433.8	1457.3	421.2	1469.0	411.1	1474.3	6
IH	1	KID	424.8	1845.9	2336.2	76.4	97.5	255.6	1232.53	1232.5	1232.59	0.09	1	1	4	2	6	0			416.0	1799.4	422.0	1801.4	413.4	1695.1	411.1	1827.7	394.8	1892.5	6
AH	1	UH	613.4	1220.6	2632.9	138.3	189.4	572.9	1233.648	1233.588	1233.768	0.18	6	0	0	0	0	0			639.7	1195.4	609.0	1226.0	549.6	1231.8	575.6	1260.6	565.8	1228.9	5
AH	1	WHAT	465.9	1005.9	2683.9	71.2	229.9	422.2	1234.631	1234.614	1234.664	0.05	6	1	4	1	9	0			463.2	1000.4	467.2	1005.6	473.8	1007.4	469.4	1021.2	468.8	1028.6	5
AY	1	KIND	636.7	1403.4	2556.4	201.2	318.2	776.0	1234.756	1234.744	1234.804	0.06	41	4	4	2	6	3		m	636.7	1403.4	624.1	1381.2	621.4	1380.4	640.9	1404.3	671.7	1432.2	5
AH	0	OF	595.9	1562.4	2651.6	174.9	202.5	574.8	1234.874	1234.854	1234.913	0.059	6	3	2	2	0	0			605.1	1577.8	594.6	1563.6	581.2	1541.9	581.4	1538.0	587.8	1528.6	5
UW	1	YOU	421.7	1651.4	2085.0	117.7	362.4	1544.9	1235.394	1235.374	1235.434	0.06	82	0	0	0	9	0			439.3	1518.9	420.7	1646.1	406.9	1581.2	397.7	1530.2	398.2	1519.7	5
UW	1	DO	541.5	1394.2	2336.8	307.4	726.1	471.9	1235.471	1235.464	1235.514	0.05	73	0	0	0	3	0			541.5	1394.2	507.8	1335.2	545.7	1369.8	569.6	1301.3	585.7	1240.0	6
AH	1	HUH	602.0	1133.8	3249.3	203.1	103.8	277.1	1238.693	1238.67	1238.74	0.07	6	0	0	0	0	0			655.1	1132.3	599.1	1131.1	602.5	1126.9	636.1	1131.4	704.3	1132.8	4
AH	1	UH	638.1	1218.9	1968.8	204.3	197.1	208.5	1278.151	1278.101	1278.251	0.15	6	0	0	0	0	0			635.1	1247.2	625.0	1219.4	502.5	1231.3	538.3	1128.3	571.0	1075.4	6
EH	1	ANY	611.8	1554.2	2638.3	288.0	290.6	820.5	1283.862	1283.832	1283.922	0.09	2	4	4	2	0	1			647.4	1497.8	623.0	1564.1	672.6	1614.7	734.0	1683.7	754.0	1716.2	5
IY	0	ANY	475.4	1718.3	2342.1	184.4	106.2	543.0	1283.972	1283.952	1284.012	0.06	12	0	0	0	4	0			452.3	1723.6	478.6	1718.0	499.9	1691.1	500.8	1675.5	503.4	1667.5	5
IH	1	PARTICULARLY	381.3	1780.5	2284.7	114.8	229.0	1032.3	1284.229	1284.212	1284.262	0.05	1	1	6	1	3	2			388.0	1722.2	380.5	1792.4	383.3	1847.2	402.4	1865.3	417.3	1853.6	5
IY	0	PARTICULARLY	409.9	1768.5	2012.7	108.3	280.7	674.6	1284.559	1284.532	1284.612	0.08	12	0	0	0	7	0			406.6	1666.2	410.0	1770.3	416.3	1738.4	424.0	1719.0	441.5	1632.5	5
AA	1	FOND	623.7	1020.0	1992.9	99.6	145.8	823.8	1284.705	1284.662	1284.792	0.13	5	4	4	2	1	3			648.8	1016.9	610.0	1022.0	573.9	1028.9	553.1	1080.7	586.2	1115.0	3
EH	1	MEMORIES	499.9	1278.4	2350.3	93.1	329.9	713.4	1284.905	1284.882	1284.952	0.07	2	4	1	2	2	2			504.5	1304.4	498.5	1279.9	492.0	1310.1	480.8	1361.4	462.3	1365.7	5
ER	0	MEMORIES	397.9	1112.6	1740.5	86.9	303.0	168.9	1285.062	1285.032	1285.122	0.09	94	0	0	0	2	1			403.0	1074.4	395.7	1117.4	371.4	1170.2	345.4	1181.8	336.1	1230.0	6
AH	0	OF	401.9	1363.8	2497.3	77.5	95.7	557.4	1285.239	1285.222	1285.272	0.05	6	3	2	2	0	0			397.3	1362.0	403.0	1363.9	415.0	1359.9	430.4	1347.8	435.2	1330.8	5
AW	1	WOW	666.3	1321.6	2970.4	194.8	347.0	666.7	1301.873	1301.866	1301.946	0.08	42	0	0	0	9	0			655.8	1317.3	596.2	1313.3	650.8	1314.3	714.1	1318.8	668.4	1402.6	4
AW	1	WOW	687.8	1195.3	2315.5	423.7	669.3	482.2	1315.174	1315.162	1315.212	0.05	42	0	0	0	9	0			687.8	1195.3	622.0	1245.5	559.2	1220.8	481.1	1095.4	496.5	1002.2	6
EH	1	WELL	485.2	1358.7	1826.3	47.7	291.1	1454.2	1320.326	1320.306	1320.366	0.06	2	5	4	2	9	0			501.8	1281.6	483.3	1373.1	472.5	1404.1	482.0	1324.1	534.0	1115.8	6
AY	1	I	715.4	1364.0	2813.7	72.1	86.7	196.6	1320.595	1320.516	1320.676	0.16	41	0	0	0	0	0		s	643.3	1274.1	702.8	1267.5	719.3	1369.5	682.0	1456.6	599.3	1559.7	5
AY	1	I	635.9	1426.0	2781.4	104.5	187.8	443.3	1320.942	1320.906	1320.986	0.08	41	0	0	0	0	0		m	646.3	1486.1	630.9	1411.1	633.8	1448.5	584.0	1497.0	548.6	1520.0	5
OW	1	DON'T	543.5	1034.8	2446.5	99.3	136.8	874.5	1321.058	1321.036	1321.146	0.11	62	4	4	2	3	0			539.9	1036.3	608.7	1063.6	608.0	1035.0	576.5	1001.4	613.1	1021.3	5
EH	1	REMEMBER	649.6	1383.6	3169.1	64.0	137.9	305.2	1321.353	1321.326	1321.406	0.08	2	4	1	2	2	4			649.3	1405.6	650.0	1383.2	664.9	1404.7	684.0	1440.8	699.2	1463.4	4
ER	0	REMEMBER	429.2	1172.1	1830.5	77.9	121.6	287.7	1321.576	1321.546	1321.636	0.09	94	0	0	0	1	0			450.6	1202.9	428.1	1168.9	439.9	1168.5	447.5	1185.9	426.7	1203.3	6
AH	1	BUT	528.0	1402.5	2530.2	71.5	145.6	524.3	1321.733	1321.716	1321.766	0.05	6	1	4	1	1	0			521.6	1371.9	528.8	1408.2	528.4	1427.0	522.3	1422.5	520.3	1430.8	5
AE	1	HAPPENED	691.1	1539.9	2561.2	71.7	310.8	172.7	1331.788	1331.765	1331.835	0.07	3	1	1	1	0	1			710.6	1608.2	685.2	1532.0	664.1	1515.9	652.7	1556.2	627.3	1556.2	5
EY	1	OKAY	758.9	1718.9	1979.6	276.0	836.1	153.3	1358.466	1358.441	1358.491	0.05	22	0	0	0	6	0			740.7	1738.5	749.4	1737.8	753.5	1719.5	734.5	1695.5	732.7	1673.9	6
OW	1	OKAY	493.6	1249.2	2388.1	189.3	165.0	852.6	1370.968	1370.961	1371.051	0.09	62	1	6	1	0	1			473.2	1253.5	438.0	1204.9	442.9	1116.0	446.5	1139.9	457.7	1169.2	6
AE	1	YEAH	503.0	1887.6	2588.9	135.9	209.5	466.5	1386.278	1386.245	1386.345	0.1	3	0	0	0	9	0			519.6	1934.2	499.9	1874.1	480.9	1821.0	516.1	1829.1	525.9	1818.1	4
AH	1	HUH	567.2	1314.1	2542.8	240.9	547.0	569.6	1388.339	1388.309	1388.399	0.09	6	0	0	0	0	0			598.8	1493.9	559.2	1288.5	527.1	1255.7	490.1	1224.5	479.3	1216.0	5
AH	1	UH	462.0	1231.8	2327.8	227.2	170.8	485.9	1399.175	1399.138	1399.248	0.11	6	0	0	0	0	0			510.5	1211.5	457.8	1232.9	406.9	1203.3	401.3	1169.3	444.6	1122.3	6
AH	1	HUH	500.8	1122.0	2162.5	210.9	216.7	1357.7	1399.308	1399.278	1399.368	0.09	6	0	0	0	0	0			525.3	1122.6	490.9	1123.5	452.5	1129.7	456.3	1152.0	464.8	1194.7	6
AH	0	MHM	653.0	1570.1	2051.8	455.9	490.8	221.7	1419.562	1419.539	1419.609	0.07	6	4	1	2	0	4			811.4	1655.8	620.4	1547.2	478.0	1533.9	465.8	1525.7	453.6	1521.5	6
OW	1	NO	564.5	1150.7	2012.7	162.1	132.6	765.8	1434.78	1434.772	1434.982	0.21	63	0	0	0	4	0			560.1	1108.3	548.9	1142.9	534.8	1081.8	480.7	1083.6	487.2	1131.8	6
AH	0	DID	316.6	1657.8	2325.2	47.3	295.4	580.7	1439.26	1439.243	1439.293	0.05	6	1	4	2	3	0			318.0	1727.5	316.4	1651.8	318.7	1527.7	335.2	1357.8	344.7	1439.8	6
UW	1	YOU	539.9	1637.5	2122.9	83.1	205.4	326.8	1439.38	1439.363	1439.413	0.05	82	0	0	0	9	0			557.0	1676.0	536.4	1630.3	515.6	1577.4	508.0	1532.1	511.0	1526.6	6
EH	1	EVER	601.9	1397.5	1865.6	127.9	175.3	91.6	1439.436	1439.413	1439.483	0.07	2	3	2	2	0	1			573.8	1426.1	606.7	1395.3	624.8	1397.5	603.2	1383.1	561.3	1367.4	6
IH	1	GET	466.5	1664.2	2340.4	83.4	167.3	688.6	1439.596	1439.573	1439.643	0.07	1	1	4	1	6	0			457.5	1750.6	466.7	1648.6	468.5	1594.5	471.3	1592.1	464.4	1578.6	5
AH	1	SOMETHING	535.4	1223.1	2721.9	145.7	182.9	438.6	1440.07	1440.043	1440.123	0.08	6	4	1	2	3	4			522.7	1233.9	536.9	1222.2	529.3	1197.6	491.8	1182.7	478.4	1212.0	5
UW	1	DO	448.5	1206.7	2434.2	64.4	189.8	569.0	1440.611	1440.603	1440.673	0.07	73	0	0	0	3	0			448.2	1199.4	447.8	1167.1	445.4	1152.9	444.5	1166.8	450.3	1178.8	5
OW	1	NO	541.0	1477.6	3034.4	167.4	207.4	322.6	1442.108	1442.094	1442.174	0.08	63	0	0	0	4	0			538.6	1498.2	545.3	1455.8	548.5	1430.4	556.7	1410.3	556.3	1365.7	4
AO	2	ALRIGHT	606.8	1244.0	2458.9	83.1	89.0	609.0	1445.474	1445.457	1445.507	0.05	53	5	4	2	0	1			617.6	1265.7	604.7	1239.4	593.5	1219.2	581.1	1205.7	571.4	1201.7	3
AA	1	STENOGRAPHY	629.5	1195.1	2660.2	186.9	143.7	589.9	1456.086	1456.046	1456.166	0.12	5	1	6	2	4	2			585.0	1242.6	632.7	1195.6	659.1	1219.8	591.9	1209.7	603.9	1218.4	3
AE	1	HAPPEN	671.3	1519.9	1995.8	56.5	165.9	1099.1	1485.878	1485.851	1485.931	0.08	3	1	1	1	0	1			701.6	1543.9	669.6	1518.8	670.8	1450.2	683.1	1452.3	674.2	1524.1	6
AA	1	LOT	714.2	1183.3	2411.1	119.3	108.8	904.9	1486.288	1486.261	1486.341	0.08	5	1	4	1	7	0			702.7	1151.0	714.4	1186.2	711.0	1208.0	694.1	1220.7	693.5	1228.3	3
ER	0	WERE	414.8	1449.0	2361.3	61.6	129.1	649.6	1486.83	1486.807	1486.877	0.07	94	0	0	0	9	0			421.1	1483.7	414.0	1444.8	412.9	1468.0	431.2	1490.4	426.3	1449.6	5
AH	1	YOUNGEST	540.1	1172.1	1819.6	210.7	296.3	1070.3	1487.03	1486.987	1487.117	0.13	6	4	6	2	9	4			484.8	1234.7	535.3	1165.0	460.3	1148.7	464.0	1136.4	413.2	1115.9	6
AH	0	MHM	410.7	1117.2	1821.7	147.3	187.0	455.4	1542.076	1542.059	1542.109	0.05	6	4	1	2	0	4			401.2	1129.6	412.1	1115.2	412.5	1100.9	400.5	1111.6	387.7	1135.3	6
AH	0	HM	398.9	1293.7	2267.9	178.3	258.7	556.6	1553.258	1553.231	1553.311	0.08	6	4	1	2	0	0			398.8	1312.5	398.4	1292.4	391.8	1259.8	405.6	1279.5	418.1	1428.5	5
AH	0	CAUSE	467.0	1493.9	2322.5	48.0	64.2	573.8	1565.654	1565.627	1565.707	0.08	6	3	4	2	6	0			473.3	1500.7	466.3	1494.3	462.0	1488.1	454.1	1489.2	451.7	1523.6	5
IH	0	BECAUSE	438.8	1692.1	2375.3	145.7	172.2	202.0	1565.82	1565.797	1565.867	0.07	1	1	6	1	1	1			419.2	1645.3	440.4	1710.4	426.4	1803.4	399.5	1877.3	413.3	1881.3	6
AH	1	BECAUSE	456.5	1510.5	2426.4	80.5	123.6	426.4	1565.947	1565.897	1566.046	0.149	6	3	4	2	6	0			466.4	1533.8	453.8	1506.8	411.5	1485.9	412.1	1487.8	381.4	1582.6	5
IH	1	DID	381.7	1728.7	2394.4	86.6	156.5	467.8	1572.842	1572.822	1572.882	0.06	1	1	4	2	3	0			425.9	1701.6	379.5	1730.5	383.7	1726.7	399.1	1705.2	413.4	1705.9	5
ER	0	EVER	469.2	1613.4	2802.4	127.4	110.1	1662.5	1573.125	1573.102	1573.172	0.07	94	0	0	0	1	0			460.2	1631.3	471.3	1612.2	476.8	1635.0	491.8	1708.6	604.5	1865.1	4
ER	1	TURN	557.4	1489.9	1892.9	81.1	176.5	164.2	1573.255	1573.212	1573.342	0.13	94	4	4	2	3	0			559.0	1534.6	557.9	1489.3	529.0	1480.2	466.7	1339.7	447.7	1232.3	6
AW	1	AROUND	674.0	1654.6	2787.5	107.0	178.3	1245.6	1573.445	1573.412	1573.562	0.15	42	4	4	2	7	0			670.6	1650.1	685.7	1658.9	688.9	1664.3	631.2	1477.8	673.8	1201.6	4
ER	0	OR	439.3	1518.7	1905.0	57.5	79.5	354.5	1573.755	1573.702	1573.862	0.16	94	0	0	0	0	0			470.5	1487.4	439.8	1516.7	474.1	1538.7	454.1	1534.9	440.0	1557.5	5
AW	1	WOW	601.1	1390.8	2265.1	73.6	115.6	1263.7	1585.08	1585.072	1585.142	0.07	42	0	0	0	9	0			598.8	1388.9	581.6	1380.3	577.0	1362.5	582.2	1272.3	583.3	1172.5	6
AE	1	YEAH	562.5	1797.6	2874.4	449.6	195.7	923.5	1588.344	1588.321	1588.391	0.07	3	0	0	0	9	0			528.5	1790.4	565.3	1801.1	548.7	1781.1	508.2	1767.1	579.9	1775.3	4
OW	1	OKAY	492.3	1143.2	2003.2	168.1	231.1	359.5	1621.361	1621.336	1621.486	0.15	62	1	6	1	0	1			487.0	1147.9	508.0	1112.1	461.6	1065.9	442.5	1089.5	397.5	1144.6	6
AH	0	YOU	420.2	1542.7	1877.8	119.1	255.1	785.6	1634.224	1634.204	1634.264	0.06	6	0	0	0	9	0			432.7	1558.1	418.5	1541.8	414.0	1545.4	412.6	1533.6	415.5	1547.4	6
OW	1	SPOKEN	452.7	1089.1	2146.8	117.2	85.0	860.6	1634.423	1634.414	1634.554	0.14	62	1	6	1	1	1			450.4	1022.4	450.8	953.4	444.5	913.1	433.0	876.3	470.1	893.4	6
AH	0	ANOTHER	558.1	1522.8	3392.8	173.7	204.6	590.1	1635.111	1635.094	1635.144	0.05	6	4	4	2	0	2			597.4	1517.5	554.0	1526.0	548.0	1540.6	526.1	1562.6	505.0	1579.5	4
AH	1	ANOTHER	588.2	1323.2	2994.2	147.2	254.8	778.4	1635.207	1635.174	1635.274	0.1	6	3	3	2	4	1			608.5	1339.0	581.2	1319.3	571.9	1305.5	578.2	1279.9	568.1	1200.0	5
AH	0	LANGUAGE	450.9	1456.3	2266.4	94.3	433.7	343.7	1635.594	1635.574	1635.634	0.06	6	2	5	2	9	0			448.8	1319.0	450.8	1468.1	448.5	1509.5	446.0	1512.2	423.3	1443.7	6
AO	1	OR	478.3	1028.7	1872.3	238.4	299.3	158.4	1636.959	1636.916	1637.046	0.13	64	6	4	2	0	0			479.1	1127.4	480.7	1031.0	445.8	1046.6	441.5	1057.5	449.0	1023.9	3
OW	1	OKAY	620.8	1541.7	2354.1	199.2	346.7	563.3	1660.762	1660.755	1660.805	0.05	62	1	6	1	0	1			620.8	1541.7	598.5	1536.9	571.0	1547.9	532.9	1551.5	517.4	1563.6	5
UW	1	TO	444.9	1417.2	2447.1	59.5	201.0	538.2	1662.229	1662.221	1662.291	0.07	73	0	0	0	3	0			443.5	1415.4	445.9	1423.4	452.4	1448.5	454.1	1498.9	457.2	1493.5	5
AA	1	COLLEGE	659.2	1195.4	2194.1	81.4	263.7	1393.7	1662.391	1662.341	1662.491	0.15	5	5	4	2	6	1			615.1	1245.8	669.0	1184.9	686.1	1113.3	610.6	1078.1	578.3	1041.4	3
OW	1	OH	632.0	1131.8	1961.2	75.6	123.1	728.4	1663.721	1663.695	1663.895	0.2	63	0	0	0	0	0			620.3	1125.6	595.4	1062.9	489.8	1073.2	441.6	1110.5	463.1	1130.9	6
OW	1	OKAY	444.7	1065.6	1795.2	105.2	151.5	240.9	1666.477	1666.47	1666.53	0.06	62	1	6	1	0	1			444.7	1065.6	436.4	1038.0	419.3	1036.7	414.1	1035.0	443.2	1057.9	6
EY	1	OKAY	560.2	1447.9	2531.3	100.2	304.0	665.6	1666.617	1666.6	1666.66	0.06	22	0	0	0	6	0			554.8	1438.0	557.5	1458.4	538.1	1479.8	524.5	1468.3	530.1	1431.4	5
OW	1	OH	618.2	1083.9	2019.2	236.5	226.6	1036.7	1669.209	1669.178	1669.348	0.17	63	0	0	0	0	0			627.8	1059.7	756.8	1002.5	594.5	989.4	583.4	1050.1	532.8	1070.6	6
AW	1	WOW	661.0	1309.5	2170.3	192.5	250.2	975.9	1690.456	1690.449	1690.509	0.06	42	0	0	0	9	0			661.0	1309.5	646.4	1329.8	621.2	1337.8	629.4	1345.7	640.9	1345.8	5
AW	1	WOW	572.0	1278.2	2099.3	142.7	289.6	562.2	1691.627	1691.598	1691.788	0.19	42	0	0	0	9	0			573.8	1367.7	599.2	1460.6	559.9	1475.2	592.7	1175.9	553.0	1107.0	6
IH	1	FIFTEEN	429.3	1618.7	2442.3	84.8	301.5	876.8	1700.521	1700.504	1700.554	0.05	1	3	2	1	1	4			426.7	1629.6	430.5	1614.6	444.6	1576.5	453.9	1551.5	454.5	1544.0	5
IY	2	FIFTEEN	449.4	2347.4	3799.6	415.1	147.9	403.1	1700.741	1700.724	1700.774	0.05	11	4	4	2	3	0			534.5	2443.3	450.4	2349.5	450.9	2350.1	440.0	2326.6	430.3	2310.4	3
AW	1	WOW	498.6	1186.6	2103.7	141.6	607.2	498.0	1702.819	1702.792	1702.902	0.11	42	0	0	0	9	0			502.2	1195.2	501.0	1157.7	518.6	1204.2	551.2	1222.3	589.3	1179.9	5
AW	1	WOW	572.9	1289.1	2049.7	232.2	244.4	729.2	1705.932	1705.911	1706.021	0.11	42	0	0	0	9	0			575.9	1288.3	551.0	1259.5	495.1	1199.0	495.4	1127.7	474.8	1136.2	5
IH	1	DID	328.2	1899.9	2994.6	195.3	133.7	1126.1	1706.917	1706.88	1706.99	0.11	1	1	4	2	3	0			357.1	1854.9	327.5	1902.0	319.3	1915.9	316.3	2028.3	325.0	2017.2	4
IY	1	HE	432.8	2109.1	3205.4	705.2	212.8	959.4	1707.373	1707.35	1707.42	0.07	12	0	0	0	0	0			415.7	2113.8	438.3	2108.2	427.3	2069.0	413.3	2058.1	422.6	2043.8	4
OW	1	PROPOSE	481.8	1135.4	2074.7	112.7	95.8	346.1	1707.627	1707.62	1707.79	0.17	62	3	4	2	1	0			426.0	1109.5	402.5	1114.1	383.6	1058.0	406.7	1010.4	440.2	1148.4	6
ER	0	OR	442.2	1711.3	3567.0	109.0	132.3	467.0	1708.623	1708.5	1708.87	0.37	94	0	0	0	0	0			522.3	1556.4	432.5	1683.4	462.1	1651.6	540.0	1715.0	445.3	1581.4	4
AW	1	WOW	544.8	1327.6	2620.5	146.4	235.8	2352.8	1736.173	1736.148	1736.278	0.13	42	0	0	0	9	0			545.1	1329.2	565.1	1373.1	548.7	1345.6	510.8	1244.9	521.7	1240.7	5
AW	1	WOW	580.7	1211.0	2322.2	88.2	169.8	212.9	1755.196	1755.182	1755.342	0.16	42	0	0	0	9	0			601.9	1201.3	574.5	1274.9	536.2	1291.6	525.2	973.1	514.1	1030.2	6
AH	1	HUH	472.7	1338.6	1929.4	124.6	563.7	69.7	1767.084	1767.051	1767.151	0.1	6	0	0	0	0	0			497.0	1370.0	471.3	1323.8	491.7	1311.5	500.8	1457.7	490.8	1501.1	6
AW	1	WOW	536.1	1307.8	2658.4	124.8	166.2	591.0	1774.083	1774.076	1774.166	0.09	42	0	0	0	9	0			526.6	1296.2	502.6	1299.4	487.8	1313.3	478.4	1335.5	489.4	1366.9	5
AE	1	YEAH	467.0	1643.0	2661.3	71.8	231.4	684.3	1776.573	1776.536	1776.646	0.11	3	0	0	0	9	0			462.6	1698.9	467.4	1638.5	480.6	1632.6	533.9	1716.0	585.2	1789.4	4
EY	1	GREAT	505.9	1887.0	2415.6	108.5	143.6	147.9	1778.733	1778.695	1778.775	0.08	21	1	4	1	8	0			476.3	1835.0	501.1	1863.7	505.3	1889.9	478.3	1841.6	450.7	1801.5	3
OW	1	SO	539.6	1313.8	3195.6	358.4	610.6	264.4	1778.887	1778.875	1778.925	0.05	63	0	0	0	3	0			539.6	1313.8	546.4	1264.0	575.9	1222.6	630.8	1211.3	671.7	1201.2	4
AO	1	LONG	607.6	1059.1	2859.1	131.6	105.8	465.8	1779.045	1779.015	1779.105	0.09	53	4	6	2	7	0			574.3	1058.0	611.7	1063.4	608.4	1098.2	610.3	1092.3	671.9	1054.3	3
EH	1	MARRIED	594.2	1653.9	2767.0	189.4	231.8	923.5	1779.592	1779.565	1779.645	0.08	2	6	4	2	2	1			578.8	1669.6	593.0	1650.9	536.1	1611.0	529.8	1646.8	554.0	1657.9	5
ER	0	FOR	403.8	1178.8	1879.9	36.6	171.0	229.7	1779.952	1779.935	1779.985	0.05	94	0	0	0	8	0			398.1	1162.1	404.9	1183.9	413.3	1233.8	430.8	1307.6	447.2	1320.3	6
AE	1	THAT'S	557.5	1763.5	3605.8	107.2	1254.5	313.4	1783.096	1783.079	1783.129	0.05	3	1	4	1	3	3			563.5	1780.2	556.9	1754.1	561.6	1581.7	575.9	1694.4	592.3	1874.0	4
EY	1	A	792.1	2145.5		1307.9	1027.7		1783.231	1783.219	1783.279	0.06	22	0	0	0	0	0			792.1	2145.5	646.8	2224.7	543.5	2353.5	551.1	2294.4	667.5	2107.6	3
AW	1	WOW	639.4	1362.6	2967.6	209.8	290.2	309.7	1784.452	1784.41	1784.58	0.17	42	0	0	0	9	0			606.4	1410.9	553.0	1488.3	611.5	1466.8	658.4	1425.7	576.2	1324.1	4
EY	1	GREAT	451.7	1615.1	1956.8	44.0	94.5	1075.2	1786.92	1786.907	1787.007	0.1	21	1	4	1	8	0			447.0	1644.3	442.6	1642.4	441.4	1647.5	437.6	1630.8	435.6	1605.8	3
AH	1	UH	497.3	1257.1	2858.9	185.7	189.4	1947.8	1789.977	1789.95	1790.03	0.08	6	0	0	0	0	0			527.7	1224.7	495.2	1260.9	487.0	1284.2	503.1	1282.6	508.5	1258.8	5
AH	1	HUH	509.0	1199.0	2807.3	151.0	135.8	673.7	1790.137	1790.11	1790.19	0.08	6	0	0	0	0	0			494.4	1214.6	508.6	1198.4	497.4	1189.2	511.2	1176.1	507.5	1195.2	5
AW	1	NOW	542.5	1260.6	2999.7	81.5	83.5	130.0	1794.683	1794.646	1794.846	0.2	42	0	0	0	4	0			537.8	1249.9	652.9	1074.9	532.9	1071.4	570.6	1120.7	553.9	1144.6	5
AW	1	NOW	571.8	1439.9	3095.8	117.9	223.2	112.0	1794.934	1794.916	1795.026	0.11	42	0	0	0	4	0			590.5	1418.6	671.8	1287.7	607.3	1209.1	609.9	1162.2	711.1	1105.9	4
AH	1	SOME	597.8	900.1	2801.3	373.6	167.7	329.5	1795.209	1795.156	1795.316	0.16	6	4	1	2	3	0			572.4	1024.3	602.6	901.6	533.0	995.3	561.3	855.2	606.5	884.9	5
AH	1	SOME	476.9	1156.4	2778.3	125.6	127.5	307.0	1795.469	1795.426	1795.556	0.13	6	4	1	2	3	0			536.1	1255.8	465.8	1145.7	421.8	1129.1	447.5	1141.6	510.0	1188.9	5
EY	1	SAY	553.2	1571.9	2960.2	177.6	107.1	1075.9	1795.936	1795.866	1796.186	0.32	22	0	0	0	3	0			545.4	1545.7	469.3	1746.4	379.9	1764.4	412.6	1782.0	368.3	1600.9	5
OW	1	KNOW	491.9	1336.7	1612.7	70.8	183.5	977.4	1796.34	1796.306	1796.456	0.15	63	0	0	0	4	0			488.1	1356.1	516.7	1266.3	537.9	1217.2	617.2	1187.4	614.5	1034.9	6
IH	1	IF	427.3	1714.8	2511.1	102.8	399.3	687.1	1796.543	1796.526	1796.576	0.05	1	3	2	1	0	0			424.2	1691.3	426.9	1717.8	417.4	1731.3	408.1	1702.0	405.2	1669.7	5
UW	1	YOU	405.4	1593.5	2380.9	99.5	371.3	740.8	1796.793	1796.776	1796.826	0.05	82	0	0	0	9	0			408.3	1667.1	406.6	1580.0	432.8	1498.4	460.3	1473.2	472.1	1519.3	5
IH	1	GET	470.6	1926.5	3026.4	135.8	195.4	429.3	1796.999	1796.966	1797.066	0.1	1	1	4	1	6	0			449.0	2053.7	470.6	1904.0	456.7	1812.8	463.3	1772.3	515.3	1732.8	4
EH	1	MARRIED	571.6	1979.2	3339.8	627.1	592.4	145.1	1797.216	1797.156	1797.336	0.18	2	6	4	2	2	1			371.0	1723.8	595.9	2000.3	570.3	1854.4	533.7	1850.4	524.5	1880.5	3
IY	0	MARRIED	413.5	2043.9	3317.9	208.8	333.2	1793.3	1797.403	1797.386	1797.436	0.05	11	1	4	2	7	0			434.6	1984.5	409.3	2046.6	388.0	2031.5	360.7	1993.2	358.4	1968.3	4
AH	1	WHAT	459.6	1106.8	2599.9	68.7	173.3	385.8	1799.793	1799.77	1799.84	0.07	6	1	4	1	9	0			472.7	1136.6	460.5	1105.9	479.8	1120.2	506.3	1136.8	499.4	1157.7	5
AO	1	THOUGHTS	446.2	1156.5	2718.3	36.0	119.4	884.6	1800.16	1800.14	1800.2	0.06	53	1	4	1	3	3			448.2	1118.3	446.2	1160.0	446.9	1195.9	449.5	1233.3	449.3	1265.0	3
OW	1	OKAY	371.7	1127.3	2175.6	186.6	440.1	459.5	1843.965	1843.954	1844.014	0.06	62	1	6	1	0	1			371.7	1127.3	381.3	1104.9	369.2	1105.5	360.6	1131.3	358.1	1176.9	6
AH	0	GOOD	412.0	1582.6	2335.6	78.8	159.4	287.5	1846.766	1846.749	1846.799	0.05	6	1	4	2	6	0			416.2	1592.8	411.4	1579.9	404.3	1572.8	394.5	1566.2	391.5	1556.1	5
AY	1	ADVICE	499.4	1387.0	1985.0	56.1	160.4	1170.7	1846.978	1846.969	1847.019	0.05	47	3	4	1	1	0		m	499.2	1389.2	495.0	1410.8	485.8	1422.8	475.9	1434.8	467.0	1449.9	6
AE	1	THANK	616.7	1535.0	2443.0	177.1	147.9	420.3	1849.964	1849.917	1850.057	0.14	3	4	6	2	3	3			616.9	1487.5	622.4	1547.7	613.3	1665.0	591.8	1678.6	547.4	1619.4	5
UW	1	YOU	422.9	1365.4	1881.9	85.9	247.7	539.9	1850.19	1850.157	1850.257	0.1	82	0	0	0	9	0			404.9	1358.5	423.6	1367.0	416.4	1380.3	442.2	1372.9	441.9	1311.7	6
AE	1	THANK	560.6	1626.2	2281.9	129.6	168.7	888.7	1850.727	1850.707	1850.767	0.06	3	4	6	2	3	3			564.2	1588.5	559.7	1629.1	549.9	1635.4	529.4	1662.4	495.4	1587.5	6
UW	1	YOU	444.3	1221.2	1811.1	243.0	352.1	479.3	1850.934	1850.917	1850.967	0.05	82	0	0	0	9	0			440.8	1290.7	445.0	1210.8	443.2	1199.6	434.0	1193.3	426.6	1182.2	6
AA	1	PROBABLY	710.2	1166.2	2371.7	259.4	61.6	223.7	1852.886	1852.849	1852.959	0.11	5	1	1	2	8	1			681.2	1194.6	710.8	1161.7	686.6	1107.1	683.0	1134.2	663.9	1123.4	3
IY	0	BE	449.7	2032.4	3677.3	497.0	290.1	548.9	1853.112	1853.089	1853.159	0.07	12	0	0	0	1	0			422.4	2045.2	459.7	2032.9	505.6	2056.0	511.3	2005.7	509.2	1903.8	3
AE	1	BACK	636.0	1511.0	2622.1	58.2	196.0	210.7	1853.246	1853.209	1853.319	0.11	3	1	6	1	1	0			613.0	1528.7	637.7	1511.4	656.1	1576.5	670.1	1621.5	627.2	1659.9	5
AH	1	SOME	541.1	1057.3	1965.4	202.6	200.7	1401.1	1853.552	1853.529	1853.599	0.07	6	4	1	2	3	0			541.4	1095.3	543.1	1055.6	557.0	1059.9	541.3	1037.1	475.7	1031.7	6
